Test 'test_simple_case':
Raw input: [1,1,2,2,2,3]
Input (sorted): [3,2,2,2,1,1]
Encoded: BY8AAwAD
Decoded: [3,2,2,2,1,1]
Compression ratio: 61.54%
Status: PASS
Time: 38.19µs

Test 'test_all_single_digits':
Raw input: [1,2,3,4,5,6,7,8,9]
Input (sorted): [9,8,7,6,5,4,3,2,1]
Encoded: MxZxZ1OAAQAJ
Decoded: [9,8,7,6,5,4,3,2,1]
Compression ratio: 63.16%
Status: PASS
Time: 7.78µs

Test 'test_all_two_digits':
Raw input: [10,11,12,13,14,15,16,17,18,19,20,21,22,23,24,25,26,27,28,29,30,31,32,33,34,35,36,37,38,39,40,41,42,43,44,45,46,47,48,49,50,51,52,53,54,55,56,57,58,59,60,61,62,63,64,65,66,67,68,69,70,71,72,73,74,75,76,77,78,79,80,81,82,83,84,85,86,87,88,89,90,91,92,93,94,95,96,97,98,99]
Input (sorted): [99,98,97,96,95,94,93,92,91,90,89,88,87,86,85,84,83,82,81,80,79,78,77,76,75,74,73,72,71,70,69,68,67,66,65,64,63,62,61,60,59,58,57,56,55,54,53,52,51,50,49,48,47,46,45,44,43,42,41,40,39,38,37,36,35,34,33,32,31,30,29,28,27,26,25,24,23,22,21,20,19,18,17,16,15,14,13,12,11,10]
Encoded: alEENart966bvFC3E4BpQpKpBNoqSU8xb6Qw83MGHYJpNnkB0jCktmfY+jdbhwGMoPsmpVqJSXQRutlj2SGBNbslYshlWT05kHq++CpQ+3jq1BCMgGCAAQBj
Decoded: [99,98,97,96,95,94,93,92,91,90,89,88,87,86,85,84,83,82,81,80,79,78,77,76,75,74,73,72,71,70,69,68,67,66,65,64,63,62,61,60,59,58,57,56,55,54,53,52,51,50,49,48,47,46,45,44,43,42,41,40,39,38,37,36,35,34,33,32,31,30,29,28,27,26,25,24,23,22,21,20,19,18,17,16,15,14,13,12,11,10]
Compression ratio: 44.28%
Status: PASS
Time: 96.709µs

Test 'test_all_three_digits':
Raw input: [100,101,102,103,104,105,106,107,108,109,110,111,112,113,114,115,116,117,118,119,120,121,122,123,124,125,126,127,128,129,130,131,132,133,134,135,136,137,138,139,140,141,142,143,144,145,146,147,148,149,150,151,152,153,154,155,156,157,158,159,160,161,162,163,164,165,166,167,168,169,170,171,172,173,174,175,176,177,178,179,180,181,182,183,184,185,186,187,188,189,190,191,192,193,194,195,196,197,198,199,200,201,202,203,204,205,206,207,208,209,210,211,212,213,214,215,216,217,218,219,220,221,222,223,224,225,226,227,228,229,230,231,232,233,234,235,236,237,238,239,240,241,242,243,244,245,246,247,248,249,250,251,252,253,254,255,256,257,258,259,260,261,262,263,264,265,266,267,268,269,270,271,272,273,274,275,276,277,278,279,280,281,282,283,284,285,286,287,288,289,290,291,292,293,294,295,296,297,298,299]
Input (sorted): [299,298,297,296,295,294,293,292,291,290,289,288,287,286,285,284,283,282,281,280,279,278,277,276,275,274,273,272,271,270,269,268,267,266,265,264,263,262,261,260,259,258,257,256,255,254,253,252,251,250,249,248,247,246,245,244,243,242,241,240,239,238,237,236,235,234,233,232,231,230,229,228,227,226,225,224,223,222,221,220,219,218,217,216,215,214,213,212,211,210,209,208,207,206,205,204,203,202,201,200,199,198,197,196,195,194,193,192,191,190,189,188,187,186,185,184,183,182,181,180,179,178,177,176,175,174,173,172,171,170,169,168,167,166,165,164,163,162,161,160,159,158,157,156,155,154,153,152,151,150,149,148,147,146,145,144,143,142,141,140,139,138,137,136,135,134,133,132,131,130,129,128,127,126,125,124,123,122,121,120,119,118,117,116,115,114,113,112,111,110,109,108,107,106,105,104,103,102,101,100]
Encoded: GUTJp3Q2QBKnvpZMNyaobtvJEPnyX2UHloXLhHhn5/dDFc1lyYbLBOJQSoGU7FgTuW0/iLjNKhufKypGAl6u5DUi6BD6kMZdHFPiTiRDN13kY0BGCP9czszH0IvnJZqC4Ur+60SotMNbdFyykoyjFgYCTqyqbyqz2nTW/PGNiKzIlrfdNWjFOkEfndUP5OrfoG+udnC/1tx2cAtO8FrGuoHOkpxVv7A3pRrb2vsZHTVboFvLgZS0MralyW7Br4ahsvrV7d3s2tynIOGSlwjZsxsjT0F10JL/gYLEGMU3lnrrvpt0oLl+AAEBKw==
Decoded: [299,298,297,296,295,294,293,292,291,290,289,288,287,286,285,284,283,282,281,280,279,278,277,276,275,274,273,272,271,270,269,268,267,266,265,264,263,262,261,260,259,258,257,256,255,254,253,252,251,250,249,248,247,246,245,244,243,242,241,240,239,238,237,236,235,234,233,232,231,230,229,228,227,226,225,224,223,222,221,220,219,218,217,216,215,214,213,212,211,210,209,208,207,206,205,204,203,202,201,200,199,198,197,196,195,194,193,192,191,190,189,188,187,186,185,184,183,182,181,180,179,178,177,176,175,174,173,172,171,170,169,168,167,166,165,164,163,162,161,160,159,158,157,156,155,154,153,152,151,150,149,148,147,146,145,144,143,142,141,140,139,138,137,136,135,134,133,132,131,130,129,128,127,126,125,124,123,122,121,120,119,118,117,116,115,114,113,112,111,110,109,108,107,106,105,104,103,102,101,100]
Compression ratio: 39.45%
Status: PASS
Time: 163.499µs

Test 'test_three_repeats_each':
Raw input: [1,1,1,2,2,2,3,3,3,4,4,4,5,5,5,6,6,6,7,7,7,8,8,8,9,9,9,10,10,10,11,11,11,12,12,12,13,13,13,14,14,14,15,15,15,16,16,16,17,17,17,18,18,18,19,19,19,20,20,20,21,21,21,22,22,22,23,23,23,24,24,24,25,25,25,26,26,26,27,27,27,28,28,28,29,29,29,30,30,30,31,31,31,32,32,32,33,33,33,34,34,34,35,35,35,36,36,36,37,37,37,38,38,38,39,39,39,40,40,40,41,41,41,42,42,42,43,43,43,44,44,44,45,45,45,46,46,46,47,47,47,48,48,48,49,49,49,50,50,50,51,51,51,52,52,52,53,53,53,54,54,54,55,55,55,56,56,56,57,57,57,58,58,58,59,59,59,60,60,60,61,61,61,62,62,62,63,63,63,64,64,64,65,65,65,66,66,66,67,67,67,68,68,68,69,69,69,70,70,70,71,71,71,72,72,72,73,73,73,74,74,74,75,75,75,76,76,76,77,77,77,78,78,78,79,79,79,80,80,80,81,81,81,82,82,82,83,83,83,84,84,84,85,85,85,86,86,86,87,87,87,88,88,88,89,89,89,90,90,90,91,91,91,92,92,92,93,93,93,94,94,94,95,95,95,96,96,96,97,97,97,98,98,98,99,99,99,100,100,100,101,101,101,102,102,102,103,103,103,104,104,104,105,105,105,106,106,106,107,107,107,108,108,108,109,109,109,110,110,110,111,111,111,112,112,112,113,113,113,114,114,114,115,115,115,116,116,116,117,117,117,118,118,118,119,119,119,120,120,120,121,121,121,122,122,122,123,123,123,124,124,124,125,125,125,126,126,126,127,127,127,128,128,128,129,129,129,130,130,130,131,131,131,132,132,132,133,133,133,134,134,134,135,135,135,136,136,136,137,137,137,138,138,138,139,139,139,140,140,140,141,141,141,142,142,142,143,143,143,144,144,144,145,145,145,146,146,146,147,147,147,148,148,148,149,149,149,150,150,150,151,151,151,152,152,152,153,153,153,154,154,154,155,155,155,156,156,156,157,157,157,158,158,158,159,159,159,160,160,160,161,161,161,162,162,162,163,163,163,164,164,164,165,165,165,166,166,166,167,167,167,168,168,168,169,169,169,170,170,170,171,171,171,172,172,172,173,173,173,174,174,174,175,175,175,176,176,176,177,177,177,178,178,178,179,179,179,180,180,180,181,181,181,182,182,182,183,183,183,184,184,184,185,185,185,186,186,186,187,187,187,188,188,188,189,189,189,190,190,190,191,191,191,192,192,192,193,193,193,194,194,194,195,195,195,196,196,196,197,197,197,198,198,198,199,199,199,200,200,200,201,201,201,202,202,202,203,203,203,204,204,204,205,205,205,206,206,206,207,207,207,208,208,208,209,209,209,210,210,210,211,211,211,212,212,212,213,213,213,214,214,214,215,215,215,216,216,216,217,217,217,218,218,218,219,219,219,220,220,220,221,221,221,222,222,222,223,223,223,224,224,224,225,225,225,226,226,226,227,227,227,228,228,228,229,229,229,230,230,230,231,231,231,232,232,232,233,233,233,234,234,234,235,235,235,236,236,236,237,237,237,238,238,238,239,239,239,240,240,240,241,241,241,242,242,242,243,243,243,244,244,244,245,245,245,246,246,246,247,247,247,248,248,248,249,249,249,250,250,250,251,251,251,252,252,252,253,253,253,254,254,254,255,255,255,256,256,256,257,257,257,258,258,258,259,259,259,260,260,260,261,261,261,262,262,262,263,263,263,264,264,264,265,265,265,266,266,266,267,267,267,268,268,268,269,269,269,270,270,270,271,271,271,272,272,272,273,273,273,274,274,274,275,275,275,276,276,276,277,277,277,278,278,278,279,279,279,280,280,280,281,281,281,282,282,282,283,283,283,284,284,284,285,285,285,286,286,286,287,287,287,288,288,288,289,289,289,290,290,290,291,291,291,292,292,292,293,293,293,294,294,294,295,295,295,296,296,296,297,297,297,298,298,298,299,299,299,300,300,300]
Input (sorted): [300,300,300,299,299,299,298,298,298,297,297,297,296,296,296,295,295,295,294,294,294,293,293,293,292,292,292,291,291,291,290,290,290,289,289,289,288,288,288,287,287,287,286,286,286,285,285,285,284,284,284,283,283,283,282,282,282,281,281,281,280,280,280,279,279,279,278,278,278,277,277,277,276,276,276,275,275,275,274,274,274,273,273,273,272,272,272,271,271,271,270,270,270,269,269,269,268,268,268,267,267,267,266,266,266,265,265,265,264,264,264,263,263,263,262,262,262,261,261,261,260,260,260,259,259,259,258,258,258,257,257,257,256,256,256,255,255,255,254,254,254,253,253,253,252,252,252,251,251,251,250,250,250,249,249,249,248,248,248,247,247,247,246,246,246,245,245,245,244,244,244,243,243,243,242,242,242,241,241,241,240,240,240,239,239,239,238,238,238,237,237,237,236,236,236,235,235,235,234,234,234,233,233,233,232,232,232,231,231,231,230,230,230,229,229,229,228,228,228,227,227,227,226,226,226,225,225,225,224,224,224,223,223,223,222,222,222,221,221,221,220,220,220,219,219,219,218,218,218,217,217,217,216,216,216,215,215,215,214,214,214,213,213,213,212,212,212,211,211,211,210,210,210,209,209,209,208,208,208,207,207,207,206,206,206,205,205,205,204,204,204,203,203,203,202,202,202,201,201,201,200,200,200,199,199,199,198,198,198,197,197,197,196,196,196,195,195,195,194,194,194,193,193,193,192,192,192,191,191,191,190,190,190,189,189,189,188,188,188,187,187,187,186,186,186,185,185,185,184,184,184,183,183,183,182,182,182,181,181,181,180,180,180,179,179,179,178,178,178,177,177,177,176,176,176,175,175,175,174,174,174,173,173,173,172,172,172,171,171,171,170,170,170,169,169,169,168,168,168,167,167,167,166,166,166,165,165,165,164,164,164,163,163,163,162,162,162,161,161,161,160,160,160,159,159,159,158,158,158,157,157,157,156,156,156,155,155,155,154,154,154,153,153,153,152,152,152,151,151,151,150,150,150,149,149,149,148,148,148,147,147,147,146,146,146,145,145,145,144,144,144,143,143,143,142,142,142,141,141,141,140,140,140,139,139,139,138,138,138,137,137,137,136,136,136,135,135,135,134,134,134,133,133,133,132,132,132,131,131,131,130,130,130,129,129,129,128,128,128,127,127,127,126,126,126,125,125,125,124,124,124,123,123,123,122,122,122,121,121,121,120,120,120,119,119,119,118,118,118,117,117,117,116,116,116,115,115,115,114,114,114,113,113,113,112,112,112,111,111,111,110,110,110,109,109,109,108,108,108,107,107,107,106,106,106,105,105,105,104,104,104,103,103,103,102,102,102,101,101,101,100,100,100,99,99,99,98,98,98,97,97,97,96,96,96,95,95,95,94,94,94,93,93,93,92,92,92,91,91,91,90,90,90,89,89,89,88,88,88,87,87,87,86,86,86,85,85,85,84,84,84,83,83,83,82,82,82,81,81,81,80,80,80,79,79,79,78,78,78,77,77,77,76,76,76,75,75,75,74,74,74,73,73,73,72,72,72,71,71,71,70,70,70,69,69,69,68,68,68,67,67,67,66,66,66,65,65,65,64,64,64,63,63,63,62,62,62,61,61,61,60,60,60,59,59,59,58,58,58,57,57,57,56,56,56,55,55,55,54,54,54,53,53,53,52,52,52,51,51,51,50,50,50,49,49,49,48,48,48,47,47,47,46,46,46,45,45,45,44,44,44,43,43,43,42,42,42,41,41,41,40,40,40,39,39,39,38,38,38,37,37,37,36,36,36,35,35,35,34,34,34,33,33,33,32,32,32,31,31,31,30,30,30,29,29,29,28,28,28,27,27,27,26,26,26,25,25,25,24,24,24,23,23,23,22,22,22,21,21,21,20,20,20,19,19,19,18,18,18,17,17,17,16,16,16,15,15,15,14,14,14,13,13,13,12,12,12,11,11,11,10,10,10,9,9,9,8,8,8,7,7,7,6,6,6,5,5,5,4,4,4,3,3,3,2,2,2,1,1,1]
Encoded: ILaD3vCvEsFsvNo50fymRzJwVc6qp8mHYNmcDSfBwkev+AwUlf8EvDxyx8ctQIkRzB1/uZ4b24AUQmbUNDEoO6oiFhvS7NtadZOJ8jmpJKAl7EyKIa9+8CEx378sshqx2cmCJoXCxKRD31Nsynt0CpAochycVcFXe0BFjM2X9OxbIiJfXt1H+meYwz4BouSNyqnLl02skPDm2fkT2T3W7cM85620D/IrZIcU2Ex4GAepTNGiPvwV+Bz5nREtR0gG4QvK2+rEJGqd3e/t+s+vI7D10JcWTKGbrm6YScbZoDXXGUqUDnb1a7riB2u0dSHQm9hwvOzIFLJ8mPXo+j4b+fU6Jdn+9/5JzEpHy1clZt9++gTwHN8GdzHai9IPHgl7SstzCzfChclUcG2Bte+lwj54wYa/Rb9EbvW2iJWVdVdu/V4fvjFRR1a0Rc7BUriuaq2OnlTFA7Ao9vNb71tyQ31Y3F9mvl8PtAuUsL9qVe81IPHO4xkglezWc98Nmkf5AAMBLA==
Decoded: [300,300,300,299,299,299,298,298,298,297,297,297,296,296,296,295,295,295,294,294,294,293,293,293,292,292,292,291,291,291,290,290,290,289,289,289,288,288,288,287,287,287,286,286,286,285,285,285,284,284,284,283,283,283,282,282,282,281,281,281,280,280,280,279,279,279,278,278,278,277,277,277,276,276,276,275,275,275,274,274,274,273,273,273,272,272,272,271,271,271,270,270,270,269,269,269,268,268,268,267,267,267,266,266,266,265,265,265,264,264,264,263,263,263,262,262,262,261,261,261,260,260,260,259,259,259,258,258,258,257,257,257,256,256,256,255,255,255,254,254,254,253,253,253,252,252,252,251,251,251,250,250,250,249,249,249,248,248,248,247,247,247,246,246,246,245,245,245,244,244,244,243,243,243,242,242,242,241,241,241,240,240,240,239,239,239,238,238,238,237,237,237,236,236,236,235,235,235,234,234,234,233,233,233,232,232,232,231,231,231,230,230,230,229,229,229,228,228,228,227,227,227,226,226,226,225,225,225,224,224,224,223,223,223,222,222,222,221,221,221,220,220,220,219,219,219,218,218,218,217,217,217,216,216,216,215,215,215,214,214,214,213,213,213,212,212,212,211,211,211,210,210,210,209,209,209,208,208,208,207,207,207,206,206,206,205,205,205,204,204,204,203,203,203,202,202,202,201,201,201,200,200,200,199,199,199,198,198,198,197,197,197,196,196,196,195,195,195,194,194,194,193,193,193,192,192,192,191,191,191,190,190,190,189,189,189,188,188,188,187,187,187,186,186,186,185,185,185,184,184,184,183,183,183,182,182,182,181,181,181,180,180,180,179,179,179,178,178,178,177,177,177,176,176,176,175,175,175,174,174,174,173,173,173,172,172,172,171,171,171,170,170,170,169,169,169,168,168,168,167,167,167,166,166,166,165,165,165,164,164,164,163,163,163,162,162,162,161,161,161,160,160,160,159,159,159,158,158,158,157,157,157,156,156,156,155,155,155,154,154,154,153,153,153,152,152,152,151,151,151,150,150,150,149,149,149,148,148,148,147,147,147,146,146,146,145,145,145,144,144,144,143,143,143,142,142,142,141,141,141,140,140,140,139,139,139,138,138,138,137,137,137,136,136,136,135,135,135,134,134,134,133,133,133,132,132,132,131,131,131,130,130,130,129,129,129,128,128,128,127,127,127,126,126,126,125,125,125,124,124,124,123,123,123,122,122,122,121,121,121,120,120,120,119,119,119,118,118,118,117,117,117,116,116,116,115,115,115,114,114,114,113,113,113,112,112,112,111,111,111,110,110,110,109,109,109,108,108,108,107,107,107,106,106,106,105,105,105,104,104,104,103,103,103,102,102,102,101,101,101,100,100,100,99,99,99,98,98,98,97,97,97,96,96,96,95,95,95,94,94,94,93,93,93,92,92,92,91,91,91,90,90,90,89,89,89,88,88,88,87,87,87,86,86,86,85,85,85,84,84,84,83,83,83,82,82,82,81,81,81,80,80,80,79,79,79,78,78,78,77,77,77,76,76,76,75,75,75,74,74,74,73,73,73,72,72,72,71,71,71,70,70,70,69,69,69,68,68,68,67,67,67,66,66,66,65,65,65,64,64,64,63,63,63,62,62,62,61,61,61,60,60,60,59,59,59,58,58,58,57,57,57,56,56,56,55,55,55,54,54,54,53,53,53,52,52,52,51,51,51,50,50,50,49,49,49,48,48,48,47,47,47,46,46,46,45,45,45,44,44,44,43,43,43,42,42,42,41,41,41,40,40,40,39,39,39,38,38,38,37,37,37,36,36,36,35,35,35,34,34,34,33,33,33,32,32,32,31,31,31,30,30,30,29,29,29,28,28,28,27,27,27,26,26,26,25,25,25,24,24,24,23,23,23,22,22,22,21,21,21,20,20,20,19,19,19,18,18,18,17,17,17,16,16,16,15,15,15,14,14,14,13,13,13,12,12,12,11,11,11,10,10,10,9,9,9,8,8,8,7,7,7,6,6,6,5,5,5,4,4,4,3,3,3,2,2,2,1,1,1]
Compression ratio: 15.87%
Status: PASS
Time: 362.089µs

Test 'test_random_lists 50':
Raw input: [135,24,150,3,258,82,63,2,283,218,286,55,97,113,71,119,181,178,102,205,199,257,141,110,155,8,106,136,138,122,228,213,258,239,200,260,71,4,232,235,257,220,91,52,44,10,52,267,141,181]
Input (sorted): [286,283,267,260,258,258,257,257,239,235,232,228,220,218,213,205,200,199,181,181,178,155,150,141,141,138,136,135,122,119,113,110,106,102,97,91,82,71,71,63,55,52,52,44,24,10,8,4,3,2]
Encoded: BaElV6UaGGSDwERQo6Ox8b66CrheB4ta/NGR8oKrTbKkUVuCQhuuYe0Y4rQKykNLWcRiCIacgAIBHg==
Decoded: [286,283,267,260,258,258,257,257,239,235,232,228,220,218,213,205,200,199,181,181,178,155,150,141,141,138,136,135,122,119,113,110,106,102,97,91,82,71,71,63,55,52,52,44,24,10,8,4,3,2]
Compression ratio: 44.20%
Status: PASS
Time: 52.629µs

Test 'test_random_lists 100':
Raw input: [118,5,274,225,30,48,239,112,4,59,10,101,45,40,250,162,22,274,292,184,159,204,247,189,19,76,24,197,32,264,151,115,237,184,228,125,63,266,172,187,116,137,34,58,3,146,192,252,261,130,273,136,127,57,222,187,50,276,76,166,24,141,95,265,250,287,152,63,105,195,30,260,94,88,263,197,244,81,34,125,179,35,29,167,93,195,71,118,48,5,122,123,235,22,4,291,255,89,217,142]
Input (sorted): [292,291,287,276,274,274,273,266,265,264,263,261,260,255,252,250,250,247,244,239,237,235,228,225,222,217,204,197,197,195,195,192,189,187,187,184,184,179,172,167,166,162,159,152,151,146,142,141,137,136,130,127,125,125,123,122,118,118,116,115,112,105,101,95,94,93,89,88,81,76,76,71,63,63,59,58,57,50,48,48,45,40,35,34,34,32,30,30,29,24,24,22,22,19,10,5,5,4,4,3]
Encoded: Am985KQQ6nmDVIlbO0YQdwAUra1ktnbTNl0wuYUf4swIt5TX6FN1599KG0cdAcZi58tmbGWBdFVxGbYainPwAnKKrr6yaKn6g15eFI1Y7zgcQM2KyYHMkvENS+Nnfu116Vu+OCbkgAIBJA==
Decoded: [292,291,287,276,274,274,273,266,265,264,263,261,260,255,252,250,250,247,244,239,237,235,228,225,222,217,204,197,197,195,195,192,189,187,187,184,184,179,172,167,166,162,159,152,151,146,142,141,137,136,130,127,125,125,123,122,118,118,116,115,112,105,101,95,94,93,89,88,81,76,76,71,63,63,59,58,57,50,48,48,45,40,35,34,34,32,30,30,29,24,24,22,22,19,10,5,5,4,4,3]
Compression ratio: 40.11%
Status: PASS
Time: 62.18µs

Test 'test_random_lists 500':
Raw input: [39,35,54,31,141,283,244,169,227,72,108,261,55,139,130,143,183,198,205,37,63,260,76,212,77,282,210,32,36,146,120,176,71,266,138,44,215,165,26,78,251,17,180,27,158,6,184,175,222,16,269,280,159,22,236,20,248,229,215,78,114,244,112,267,103,41,122,47,109,68,131,167,212,294,214,145,51,15,51,190,29,247,30,108,63,41,214,98,5,139,193,288,44,79,131,234,214,6,218,156,14,262,235,256,158,126,154,207,75,168,274,132,24,255,270,236,292,214,72,70,67,248,14,163,21,26,36,226,165,74,271,50,45,165,59,37,252,291,277,103,161,145,163,209,298,237,289,92,264,56,141,43,79,89,275,32,82,10,151,258,238,181,134,171,19,5,165,166,279,119,54,13,282,206,100,184,14,266,156,231,134,172,265,56,250,193,148,159,29,246,47,20,73,168,282,140,105,83,207,251,237,262,154,229,65,264,103,67,78,270,210,54,29,25,249,225,300,87,21,6,269,239,150,133,286,90,192,245,248,268,56,285,213,171,88,251,177,169,300,139,164,179,157,101,98,82,107,205,139,177,262,15,71,153,235,226,178,211,124,23,16,77,232,100,48,276,176,278,90,229,100,96,5,110,296,68,218,246,229,43,8,162,165,130,163,36,87,286,167,94,3,262,176,177,138,236,141,177,231,219,288,254,149,129,300,234,240,93,248,148,263,50,10,103,104,135,171,270,253,156,145,220,250,209,86,228,29,36,256,70,233,37,261,94,256,11,108,271,54,274,31,263,199,278,99,35,92,36,289,188,5,52,1,264,85,116,236,232,77,8,216,30,210,171,22,129,251,293,246,45,272,223,209,1,82,152,226,261,174,98,31,247,232,21,30,144,172,61,109,6,184,38,286,299,161,13,110,284,192,264,220,187,151,263,94,192,176,48,6,18,268,36,150,279,213,216,210,91,111,50,231,208,14,248,278,167,58,86,226,226,228,286,110,258,157,166,233,15,158,62,26,176,202,119,290,41,204,12,27,3,47,177,123,89,189,247,67,1,252,123,22,38,249,295,145,37,292,172,240,242,294,154,291,156,91,7,69,138,64,179,256,183,106,75,141,264,55,223,92,73,8,101,233,270,219,98,154,25,188,173]
Input (sorted): [300,300,300,299,298,296,295,294,294,293,292,292,291,291,290,289,289,288,288,286,286,286,286,285,284,283,282,282,282,280,279,279,278,278,278,277,276,275,274,274,272,271,271,270,270,270,270,269,269,268,268,267,266,266,265,264,264,264,264,264,263,263,263,262,262,262,262,261,261,261,260,258,258,256,256,256,256,255,254,253,252,252,251,251,251,251,250,250,249,249,248,248,248,248,248,247,247,247,246,246,246,245,244,244,242,240,240,239,238,237,237,236,236,236,236,235,235,234,234,233,233,233,232,232,232,231,231,231,229,229,229,229,228,228,227,226,226,226,226,226,225,223,223,222,220,220,219,219,218,218,216,216,215,215,214,214,214,214,213,213,212,212,211,210,210,210,210,209,209,209,208,207,207,206,205,205,204,202,199,198,193,193,192,192,192,190,189,188,188,187,184,184,184,183,183,181,180,179,179,178,177,177,177,177,177,176,176,176,176,176,175,174,173,172,172,172,171,171,171,171,169,169,168,168,167,167,167,166,166,165,165,165,165,165,164,163,163,163,162,161,161,159,159,158,158,158,157,157,156,156,156,156,154,154,154,154,153,152,151,151,150,150,149,148,148,146,145,145,145,145,144,143,141,141,141,141,140,139,139,139,139,138,138,138,135,134,134,133,132,131,131,130,130,129,129,126,124,123,123,122,120,119,119,116,114,112,111,110,110,110,109,109,108,108,108,107,106,105,104,103,103,103,103,101,101,100,100,100,99,98,98,98,98,96,94,94,94,93,92,92,92,91,91,90,90,89,89,88,87,87,86,86,85,83,82,82,82,79,79,78,78,78,77,77,77,76,75,75,74,73,73,72,72,71,71,70,70,69,68,68,67,67,67,65,64,63,63,62,61,59,58,56,56,56,55,55,54,54,54,54,52,51,51,50,50,50,48,48,47,47,47,45,45,44,44,43,43,41,41,41,39,38,38,37,37,37,37,36,36,36,36,36,36,35,35,32,32,31,31,31,30,30,30,29,29,29,29,27,27,26,26,26,25,25,24,23,22,22,22,21,21,21,20,20,19,18,17,16,16,15,15,15,14,14,14,14,13,13,12,11,10,10,8,8,8,7,6,6,6,6,6,5,5,5,5,3,3,1,1,1]
Encoded: Ohnf5vaM0j6PajFJzvtX0FCgDyckcwRKwdhf1d5Mtjot0qVfuSHE90K9zifRfyaDURMyfrqtpB9l4cja05HOKn18YXYpNaRzC+NreC8StOPl+AEgcf9RVqJr9ZjYErDBz5BmXKhXsfCYUfiP/XLRvBC7M/pQN43yKSS0FryRxFgZcqyx/XyGnI52LPe2bqswv5rNF4pcsm+HxpBJATh/DoNtBzzCYvWSX5FC6s8TpBhyF+TRIACmbn7OXCIEhUo9JpiQTcaqqzPpBz6+22ii106BFqBayikC6CnfrwcaJtEapnxnJtv1f4xO+v/6R+sxzG6xOQp+i3XfD16XDL7df1zqFnJtz2exNHuDRz4xtlY5qRWn9zp3eZe73xbYGU+O8Kw9OG1bscISSN9n26tOzo0D3t4Dp5IfTmeJEqs7EKyOZPONWygCRjqHQaHJwYAGASw=
Decoded: [300,300,300,299,298,296,295,294,294,293,292,292,291,291,290,289,289,288,288,286,286,286,286,285,284,283,282,282,282,280,279,279,278,278,278,277,276,275,274,274,272,271,271,270,270,270,270,269,269,268,268,267,266,266,265,264,264,264,264,264,263,263,263,262,262,262,262,261,261,261,260,258,258,256,256,256,256,255,254,253,252,252,251,251,251,251,250,250,249,249,248,248,248,248,248,247,247,247,246,246,246,245,244,244,242,240,240,239,238,237,237,236,236,236,236,235,235,234,234,233,233,233,232,232,232,231,231,231,229,229,229,229,228,228,227,226,226,226,226,226,225,223,223,222,220,220,219,219,218,218,216,216,215,215,214,214,214,214,213,213,212,212,211,210,210,210,210,209,209,209,208,207,207,206,205,205,204,202,199,198,193,193,192,192,192,190,189,188,188,187,184,184,184,183,183,181,180,179,179,178,177,177,177,177,177,176,176,176,176,176,175,174,173,172,172,172,171,171,171,171,169,169,168,168,167,167,167,166,166,165,165,165,165,165,164,163,163,163,162,161,161,159,159,158,158,158,157,157,156,156,156,156,154,154,154,154,153,152,151,151,150,150,149,148,148,146,145,145,145,145,144,143,141,141,141,141,140,139,139,139,139,138,138,138,135,134,134,133,132,131,131,130,130,129,129,126,124,123,123,122,120,119,119,116,114,112,111,110,110,110,109,109,108,108,108,107,106,105,104,103,103,103,103,101,101,100,100,100,99,98,98,98,98,96,94,94,94,93,92,92,92,91,91,90,90,89,89,88,87,87,86,86,85,83,82,82,82,79,79,78,78,78,77,77,77,76,75,75,74,73,73,72,72,71,71,70,70,69,68,68,67,67,67,65,64,63,63,62,61,59,58,56,56,56,55,55,54,54,54,54,52,51,51,50,50,50,48,48,47,47,47,45,45,44,44,43,43,41,41,41,39,38,38,37,37,37,37,36,36,36,36,36,36,35,35,32,32,31,31,31,30,30,30,29,29,29,29,27,27,26,26,26,25,25,24,23,22,22,22,21,21,21,20,20,19,18,17,16,16,15,15,15,14,14,14,14,13,13,12,11,10,10,8,8,8,7,6,6,6,6,6,5,5,5,5,3,3,1,1,1]
Compression ratio: 24.96%
Status: PASS
Time: 263.059µs

Test 'test_random_lists 1000':
Raw input: [25,137,264,123,265,223,138,77,222,83,231,233,170,9,149,244,147,225,104,208,209,266,36,218,244,8,116,181,273,93,237,86,118,253,246,65,236,28,194,12,154,74,173,289,102,267,267,183,204,287,198,100,30,142,275,163,123,268,239,94,76,243,107,216,108,288,50,288,77,82,51,41,148,223,94,27,28,164,289,110,53,293,278,157,20,270,255,104,189,75,279,19,255,96,204,26,117,161,3,292,231,268,246,60,57,204,160,62,132,209,260,16,300,210,65,296,230,178,238,32,35,153,163,148,7,186,123,102,244,72,116,100,111,127,288,292,92,243,78,160,292,99,11,184,94,28,89,225,260,17,74,202,33,277,284,297,118,249,37,214,32,53,202,112,217,185,253,5,180,231,92,29,239,97,99,189,244,32,231,10,158,147,92,161,22,172,109,168,27,248,186,96,40,21,84,83,230,163,252,276,49,171,55,187,233,118,224,111,66,184,37,225,241,180,123,27,1,88,183,273,227,272,292,1,59,242,53,88,65,103,173,232,241,29,24,2,300,138,122,33,25,194,160,135,185,142,70,188,33,162,22,164,101,149,39,209,10,131,288,36,200,180,53,175,236,83,80,298,157,108,295,183,195,287,31,216,272,140,83,186,295,288,192,185,185,260,36,41,124,14,3,76,17,170,5,266,30,67,145,86,105,34,288,166,103,164,130,64,238,173,283,260,14,57,215,16,121,160,241,254,170,142,87,233,32,165,291,94,190,193,156,238,77,229,160,151,90,269,134,23,98,233,46,253,142,95,67,77,144,158,254,121,102,74,296,278,202,60,127,155,177,95,229,211,175,73,148,194,158,181,279,112,8,180,111,134,89,109,295,82,232,45,276,122,216,225,133,44,226,52,285,226,274,296,58,14,16,117,133,131,136,259,228,45,281,133,142,299,58,283,277,24,118,186,171,96,146,99,51,188,204,11,94,76,94,122,227,201,180,4,163,117,176,118,157,15,97,138,101,84,92,275,252,137,255,235,122,273,283,156,52,31,169,91,225,20,252,197,87,167,18,104,262,162,144,142,90,83,46,40,203,271,138,62,122,5,102,173,26,30,193,255,146,125,297,215,229,177,23,24,299,163,209,182,167,195,53,100,239,73,114,167,44,283,122,51,184,263,238,166,104,249,222,196,176,166,22,101,228,158,251,113,87,277,213,118,241,53,9,101,280,283,218,44,175,120,198,258,172,259,75,142,34,21,225,158,254,110,132,83,289,231,19,251,131,112,207,237,192,44,166,297,101,146,124,7,238,170,212,119,57,95,224,161,68,89,223,201,33,143,11,54,121,139,288,68,141,161,143,36,118,231,44,108,167,154,209,241,238,72,265,114,259,236,34,115,106,163,247,201,128,115,11,199,7,46,280,54,269,182,127,262,139,133,74,240,238,281,152,182,60,50,81,18,60,133,185,298,232,13,28,25,259,200,243,96,270,264,250,128,133,69,226,254,101,51,80,6,225,153,179,253,187,222,191,60,204,77,29,62,87,47,172,245,72,205,214,267,155,53,289,87,133,7,226,213,163,164,47,212,79,288,157,13,146,281,281,150,67,289,125,196,129,284,121,139,162,42,45,300,87,148,289,116,253,220,156,182,69,206,291,235,109,282,100,107,119,27,48,20,126,109,17,147,7,282,34,111,86,295,282,104,68,112,89,244,194,18,100,283,55,216,195,48,138,236,262,158,249,121,145,149,186,51,266,281,187,66,152,24,279,29,81,172,242,249,132,176,273,57,296,21,188,102,292,230,271,108,268,153,293,286,4,300,206,67,226,191,41,58,126,252,135,229,6,61,246,250,197,70,186,238,250,67,143,232,31,139,198,217,255,259,216,261,293,214,216,255,197,169,185,214,294,173,213,215,114,147,164,61,211,149,128,227,167,6,20,12,249,185,72,21,214,186,246,274,197,121,167,296,23,5,158,100,119,118,122,295,287,214,158,59,20,165,212,138,39,28,167,115,107,216,3,190,233,102,35,158,123,113,58,37,6,139,294,70,14,104,293,248,151,167,192,152,121,15,75,73,147,43,122,79,159,8,92,98,266,147,126,89,135,61,6,44,287,207,11,231,143,72,106,284,203,235,93,177,185,11,182,281,281,131,160,9,69,118,295,42,200,286,24,71,160,158,279,43,142,266,30,157,235,260,256,57,205,130,152,138,126,183,120,270,281,99,97,66,7,85,277,222,15,165,129,32,265,298,292,255,157,92,282,44,155,200,299,16,253,85,247,96]
Input (sorted): [300,300,300,300,299,299,299,298,298,298,297,297,297,296,296,296,296,296,295,295,295,295,295,295,294,294,293,293,293,293,292,292,292,292,292,292,291,291,289,289,289,289,289,289,288,288,288,288,288,288,288,288,287,287,287,287,286,286,285,284,284,284,283,283,283,283,283,283,282,282,282,282,281,281,281,281,281,281,281,281,280,280,279,279,279,279,278,278,277,277,277,277,276,276,275,275,274,274,273,273,273,273,272,272,271,271,270,270,270,269,269,268,268,268,267,267,267,266,266,266,266,266,265,265,265,264,264,263,262,262,262,261,260,260,260,260,260,259,259,259,259,259,258,256,255,255,255,255,255,255,255,254,254,254,254,253,253,253,253,253,253,252,252,252,252,251,251,250,250,250,249,249,249,249,249,248,248,247,247,246,246,246,246,245,244,244,244,244,244,243,243,243,242,242,241,241,241,241,241,240,239,239,239,238,238,238,238,238,238,238,238,237,237,236,236,236,236,235,235,235,235,233,233,233,233,233,232,232,232,232,231,231,231,231,231,231,231,230,230,230,229,229,229,229,228,228,227,227,227,226,226,226,226,226,225,225,225,225,225,225,225,224,224,223,223,223,222,222,222,222,220,218,218,217,217,216,216,216,216,216,216,216,215,215,215,214,214,214,214,214,214,213,213,213,212,212,212,211,211,210,209,209,209,209,209,208,207,207,206,206,205,205,204,204,204,204,204,203,203,202,202,202,201,201,201,200,200,200,200,199,198,198,198,197,197,197,197,196,196,195,195,195,194,194,194,194,193,193,192,192,192,191,191,190,190,189,189,188,188,188,187,187,187,186,186,186,186,186,186,186,185,185,185,185,185,185,185,185,184,184,184,183,183,183,183,182,182,182,182,182,181,181,180,180,180,180,180,179,178,177,177,177,176,176,176,175,175,175,173,173,173,173,173,172,172,172,172,171,171,170,170,170,170,169,169,168,167,167,167,167,167,167,167,167,166,166,166,166,165,165,165,164,164,164,164,164,163,163,163,163,163,163,163,162,162,162,161,161,161,161,160,160,160,160,160,160,160,159,158,158,158,158,158,158,158,158,158,158,157,157,157,157,157,157,156,156,156,155,155,155,154,154,153,153,153,152,152,152,152,151,151,150,149,149,149,149,148,148,148,148,147,147,147,147,147,147,146,146,146,146,145,145,144,144,143,143,143,143,142,142,142,142,142,142,142,142,141,140,139,139,139,139,139,138,138,138,138,138,138,138,137,137,136,135,135,135,134,134,133,133,133,133,133,133,133,132,132,132,131,131,131,131,130,130,129,129,128,128,128,127,127,127,126,126,126,126,125,125,124,124,123,123,123,123,123,122,122,122,122,122,122,122,122,121,121,121,121,121,121,121,120,120,119,119,119,118,118,118,118,118,118,118,118,118,117,117,117,116,116,116,115,115,115,114,114,114,113,113,112,112,112,112,111,111,111,111,110,110,109,109,109,109,108,108,108,108,107,107,107,106,106,105,104,104,104,104,104,104,103,103,102,102,102,102,102,102,101,101,101,101,101,101,100,100,100,100,100,100,99,99,99,99,98,98,97,97,97,96,96,96,96,96,95,95,95,94,94,94,94,94,94,93,93,92,92,92,92,92,92,91,90,90,89,89,89,89,89,88,88,87,87,87,87,87,87,86,86,86,85,85,84,84,83,83,83,83,83,83,82,82,81,81,80,80,79,79,78,77,77,77,77,77,76,76,76,75,75,75,74,74,74,74,73,73,73,72,72,72,72,72,71,70,70,70,69,69,69,68,68,68,67,67,67,67,67,66,66,66,65,65,65,64,62,62,62,61,61,61,60,60,60,60,60,59,59,58,58,58,58,57,57,57,57,57,55,55,54,54,53,53,53,53,53,53,53,52,52,51,51,51,51,51,50,50,49,48,48,47,47,46,46,46,45,45,45,44,44,44,44,44,44,44,43,43,42,42,41,41,41,40,40,39,39,37,37,37,36,36,36,36,35,35,34,34,34,34,33,33,33,33,32,32,32,32,32,31,31,31,30,30,30,30,29,29,29,29,28,28,28,28,28,27,27,27,27,26,26,25,25,25,24,24,24,24,24,23,23,23,22,22,22,21,21,21,21,20,20,20,20,20,19,19,18,18,18,17,17,17,16,16,16,16,15,15,15,14,14,14,14,13,13,12,12,11,11,11,11,11,11,10,10,9,9,9,8,8,8,7,7,7,7,7,7,6,6,6,6,6,5,5,5,5,4,4,3,3,3,2,1,1]
Encoded: otsTCKq4jnBXT116Fy2kN5WqSr9FEf9Sh6mG4Lx/ZfM8HreihNWmRcNQXZpZhX4uiq6TMKVt/nCY1RF29p0XuLhO9EKvEGV1iH+78s0ot7wZjMlsjahLkGmeQlW5fPcpYSPCk3TpyV/aYytXmhvSkAcKKBBYabuatpjRzQbJEKe7g+iqmYxj3Sh4/TBw0RDnfa+08wiQl71M4MpEZtNxTle29PsusJFra2djLmVISksk3m6ZAnb1lZelB+k5LTdU2jC3YJuHK7Re5HyoX3WmW75q+d9+++WX7oGciiJOEi5F3E0fTe2SnEeGmoExmK+bGoAfh6+XzZ7cg4Krf/hAM1Wd1o4OiHpEMcUtt65hzX3RgLd63gDjhNTE1QxJ0rn+a5fFOYLXbzioj0NLUV21qbUlQ7vcKP78zD2/u/wf76IPNK3tbNKUVlL+xLd0iUzd88DDM3tm+9qZOr1nq8zZOw+2GgTm/30JiwwI1hTiKLv+3SE/dNwU1tlbv064qsc/Vvdv0YW5HC3M8Zzddpc4roPFNH/fQhp6p+VEj51MJjKzzsC48wA8auAACgEs
Decoded: [300,300,300,300,299,299,299,298,298,298,297,297,297,296,296,296,296,296,295,295,295,295,295,295,294,294,293,293,293,293,292,292,292,292,292,292,291,291,289,289,289,289,289,289,288,288,288,288,288,288,288,288,287,287,287,287,286,286,285,284,284,284,283,283,283,283,283,283,282,282,282,282,281,281,281,281,281,281,281,281,280,280,279,279,279,279,278,278,277,277,277,277,276,276,275,275,274,274,273,273,273,273,272,272,271,271,270,270,270,269,269,268,268,268,267,267,267,266,266,266,266,266,265,265,265,264,264,263,262,262,262,261,260,260,260,260,260,259,259,259,259,259,258,256,255,255,255,255,255,255,255,254,254,254,254,253,253,253,253,253,253,252,252,252,252,251,251,250,250,250,249,249,249,249,249,248,248,247,247,246,246,246,246,245,244,244,244,244,244,243,243,243,242,242,241,241,241,241,241,240,239,239,239,238,238,238,238,238,238,238,238,237,237,236,236,236,236,235,235,235,235,233,233,233,233,233,232,232,232,232,231,231,231,231,231,231,231,230,230,230,229,229,229,229,228,228,227,227,227,226,226,226,226,226,225,225,225,225,225,225,225,224,224,223,223,223,222,222,222,222,220,218,218,217,217,216,216,216,216,216,216,216,215,215,215,214,214,214,214,214,214,213,213,213,212,212,212,211,211,210,209,209,209,209,209,208,207,207,206,206,205,205,204,204,204,204,204,203,203,202,202,202,201,201,201,200,200,200,200,199,198,198,198,197,197,197,197,196,196,195,195,195,194,194,194,194,193,193,192,192,192,191,191,190,190,189,189,188,188,188,187,187,187,186,186,186,186,186,186,186,185,185,185,185,185,185,185,185,184,184,184,183,183,183,183,182,182,182,182,182,181,181,180,180,180,180,180,179,178,177,177,177,176,176,176,175,175,175,173,173,173,173,173,172,172,172,172,171,171,170,170,170,170,169,169,168,167,167,167,167,167,167,167,167,166,166,166,166,165,165,165,164,164,164,164,164,163,163,163,163,163,163,163,162,162,162,161,161,161,161,160,160,160,160,160,160,160,159,158,158,158,158,158,158,158,158,158,158,157,157,157,157,157,157,156,156,156,155,155,155,154,154,153,153,153,152,152,152,152,151,151,150,149,149,149,149,148,148,148,148,147,147,147,147,147,147,146,146,146,146,145,145,144,144,143,143,143,143,142,142,142,142,142,142,142,142,141,140,139,139,139,139,139,138,138,138,138,138,138,138,137,137,136,135,135,135,134,134,133,133,133,133,133,133,133,132,132,132,131,131,131,131,130,130,129,129,128,128,128,127,127,127,126,126,126,126,125,125,124,124,123,123,123,123,123,122,122,122,122,122,122,122,122,121,121,121,121,121,121,121,120,120,119,119,119,118,118,118,118,118,118,118,118,118,117,117,117,116,116,116,115,115,115,114,114,114,113,113,112,112,112,112,111,111,111,111,110,110,109,109,109,109,108,108,108,108,107,107,107,106,106,105,104,104,104,104,104,104,103,103,102,102,102,102,102,102,101,101,101,101,101,101,100,100,100,100,100,100,99,99,99,99,98,98,97,97,97,96,96,96,96,96,95,95,95,94,94,94,94,94,94,93,93,92,92,92,92,92,92,91,90,90,89,89,89,89,89,88,88,87,87,87,87,87,87,86,86,86,85,85,84,84,83,83,83,83,83,83,82,82,81,81,80,80,79,79,78,77,77,77,77,77,76,76,76,75,75,75,74,74,74,74,73,73,73,72,72,72,72,72,71,70,70,70,69,69,69,68,68,68,67,67,67,67,67,66,66,66,65,65,65,64,62,62,62,61,61,61,60,60,60,60,60,59,59,58,58,58,58,57,57,57,57,57,55,55,54,54,53,53,53,53,53,53,53,52,52,51,51,51,51,51,50,50,49,48,48,47,47,46,46,46,45,45,45,44,44,44,44,44,44,44,43,43,42,42,41,41,41,40,40,39,39,37,37,37,36,36,36,36,35,35,34,34,34,34,33,33,33,33,32,32,32,32,32,31,31,31,30,30,30,30,29,29,29,29,28,28,28,28,28,27,27,27,27,26,26,25,25,25,24,24,24,24,24,23,23,23,22,22,22,21,21,21,21,20,20,20,20,20,19,19,18,18,18,17,17,17,16,16,16,16,15,15,15,14,14,14,14,13,13,12,12,11,11,11,11,11,11,10,10,9,9,9,8,8,8,7,7,7,7,7,7,6,6,6,6,6,5,5,5,5,4,4,3,3,3,2,1,1]
Compression ratio: 15.63%
Status: PASS
Time: 406.359µs